Area.java,com.thealgorithms.maths.Area,org.pitest.mutationtest.engine.gregor.mutators.ConditionalsBoundaryMutator,surfaceAreaCone,185,KILLED,com.thealgorithms.maths.AreaLlama_ZS1Test.[engine:junit-jupiter]/[class:com.thealgorithms.maths.AreaLlama_ZS1Test]/[method:testSurfaceAreaCone_ZeroRadius()]
Area.java,com.thealgorithms.maths.Area,org.pitest.mutationtest.engine.gregor.mutators.ConditionalsBoundaryMutator,surfaceAreaCone,188,KILLED,com.thealgorithms.maths.AreaLlama_ZS1Test.[engine:junit-jupiter]/[class:com.thealgorithms.maths.AreaLlama_ZS1Test]/[method:testSurfaceAreaCone_ZeroHeight()]
Area.java,com.thealgorithms.maths.Area,org.pitest.mutationtest.engine.gregor.mutators.MathMutator,surfaceAreaCone,191,KILLED,com.thealgorithms.maths.AreaLlama_ZS1Test.[engine:junit-jupiter]/[class:com.thealgorithms.maths.AreaLlama_ZS1Test]/[method:testSurfaceAreaCone_ValidInput()]
Area.java,com.thealgorithms.maths.Area,org.pitest.mutationtest.engine.gregor.mutators.MathMutator,surfaceAreaCone,191,KILLED,com.thealgorithms.maths.AreaLlama_ZS1Test.[engine:junit-jupiter]/[class:com.thealgorithms.maths.AreaLlama_ZS1Test]/[method:testSurfaceAreaCone_ValidInput()]
Area.java,com.thealgorithms.maths.Area,org.pitest.mutationtest.engine.gregor.mutators.MathMutator,surfaceAreaCone,191,KILLED,com.thealgorithms.maths.AreaLlama_ZS1Test.[engine:junit-jupiter]/[class:com.thealgorithms.maths.AreaLlama_ZS1Test]/[method:testSurfaceAreaCone_ValidInput()]
Area.java,com.thealgorithms.maths.Area,org.pitest.mutationtest.engine.gregor.mutators.MathMutator,surfaceAreaCone,191,KILLED,com.thealgorithms.maths.AreaLlama_ZS1Test.[engine:junit-jupiter]/[class:com.thealgorithms.maths.AreaLlama_ZS1Test]/[method:testSurfaceAreaCone_ValidInput()]
Area.java,com.thealgorithms.maths.Area,org.pitest.mutationtest.engine.gregor.mutators.MathMutator,surfaceAreaCone,191,KILLED,com.thealgorithms.maths.AreaLlama_ZS1Test.[engine:junit-jupiter]/[class:com.thealgorithms.maths.AreaLlama_ZS1Test]/[method:testSurfaceAreaCone_ValidInput()]
Area.java,com.thealgorithms.maths.Area,org.pitest.mutationtest.engine.gregor.mutators.MathMutator,surfaceAreaCone,191,KILLED,com.thealgorithms.maths.AreaLlama_ZS1Test.[engine:junit-jupiter]/[class:com.thealgorithms.maths.AreaLlama_ZS1Test]/[method:testSurfaceAreaCone_ValidInput()]
Area.java,com.thealgorithms.maths.Area,org.pitest.mutationtest.engine.gregor.mutators.NegateConditionalsMutator,surfaceAreaCone,185,KILLED,com.thealgorithms.maths.AreaLlama_ZS1Test.[engine:junit-jupiter]/[class:com.thealgorithms.maths.AreaLlama_ZS1Test]/[method:testSurfaceAreaCone_NegativeRadius()]
Area.java,com.thealgorithms.maths.Area,org.pitest.mutationtest.engine.gregor.mutators.NegateConditionalsMutator,surfaceAreaCone,188,KILLED,com.thealgorithms.maths.AreaLlama_ZS1Test.[engine:junit-jupiter]/[class:com.thealgorithms.maths.AreaLlama_ZS1Test]/[method:testSurfaceAreaCone_NegativeHeight()]
Area.java,com.thealgorithms.maths.Area,org.pitest.mutationtest.engine.gregor.mutators.returns.PrimitiveReturnsMutator,surfaceAreaCone,191,KILLED,com.thealgorithms.maths.AreaLlama_ZS1Test.[engine:junit-jupiter]/[class:com.thealgorithms.maths.AreaLlama_ZS1Test]/[method:testSurfaceAreaCone_ValidInput()]
